8 0 4 4
8 0 3 0
34 30 30 30
34 10 10 10
8 0 25 256
8 0 8 8
35 25 5 0
35 25 6 4
32 5 6 3
32 30 3 30
43 25 4 0
43 25 4 4
35 25 5 8
35 25 6 12
32 5 6 10
43 25 4 8
43 25 4 12
32 30 10 30
8 8 8 -4
8 25 25 16
5 8 0 -15
43 0 30 20
4 8 0 1
43 0 25 24
8 0 31 44
43 0 31 28
35 0 11 368
35 0 12 0
35 0 13 92
35 0 15 364
63 0 0 0
8 0 1 1
8 0 3 13
34 25 25 25
8 0 8 8
8 0 4 16
8 0 15 -2
34 3 1 3
35 4 10 0
35 4 11 4
32 25 10 25
32 4 8 4
32 25 11 25
5 3 0 -7
12 25 15 14
63 0 0 0
8 0 1 1
8 0 3 5
8 0 13 3 
34 12 12 12
8 0 8 8
8 0 4 200
34 3 1 3
35 4 10 0
35 4 11 4
32 12 10 12
32 4 8 4
32 12 11 12
5 3 0 -7
12 12 13 14
63 0 0 0